epochs: 3, lr: 2e-05, batch_size: 8, eval_acc: 0.8676470588235294
epochs: 3, lr: 3e-05, batch_size: 16, eval_acc: 0.8627450980392157
epochs: 4, lr: 5e-05, batch_size: 8, eval_acc: 0.8602941176470589
